100010
100011
100025
100028
100135
100150
100151
100152
100153
100223
100224
100238
100239
100420
100421
100423
100425
103275
10416
10425
10431
107436
107437
107441
107649
108779
11050
11051
11052
11053
11054
11055
11056
11057
11058
11059
11060
11061
11062
11063
11064
11065
11066
11067
11068
11069
11070
11071
11072
11073
11074
11075
11076
11077
11078
11079
11080
11081
11082
11083
11084
11085
11086
11088
11089
11090
11091
11092
11093
11094
11095
11096
11097
11098
11099
11100
11101
11102
11103
11104
11105
11106
11108
11109
11110
11111
11112
11113
11114
11115
11116
11117
11118
11119
11120
11121
11122
11123
11124
11125
11126
11127
11128
11129
11133
11134
11135
11136
11137
11138
11139
11140
11141
11142
11143
11144
11146
11147
11148
11149
11150
11151
11152
11154
11155
11157
11158
11159
11161
11162
11163
11164
11165
11166
11167
11168
11170
11171
11172
11174
11175
11176
11177
11178
11179
11180
11181
11182
11183
11184
11185
11186
11187
11188
11189
11190
11191
11192
11193
11194
11195
11196
11197
11198
11199
11200
11201
11202
11204
11205
11206
11207
11208
11209
11210
11211
11212
11213
11214
11215
11216
11217
11218
11219
11220
11221
11222
11223
11224
11225
11226
11227
11228
11229
11230
11232
11233
11234
11235
11236
11237
11238
11239
11240
11241
11242
11243
11244
11245
11246
11247
11248
11249
11251
11252
11253
11256
11257
11258
11259
11260
11261
11262
11263
11264
11265
11267
11268
11269
11270
11271
11272
11273
11274
11275
11276
11277
11278
11279
11280
11281
11282
11283
11285
11286
11287
11288
11289
11290
11291
11292
11293
11294
11295
11296
11297
11298
11299
11300
11301
11302
11303
11304
11305
11306
11307
11308
11309
11310
11311
11312
11313
11314
11315
11316
11317
11319
11320
11321
11324
11327
11328
11329
11330
11331
11332
11333
11334
11335
11336
11337
11338
11339
11340
11341
11342
11344
11345
11346
11347
11348
11350
11352
11354
11355
11356
11357
11358
11359
11360
11361
11362
11363
11364
11365
11366
11367
11368
11369
11370
11371
11372
11373
11374
11375
11376
11377
11378
11379
11380
11381
11382
11383
11384
11385
11386
11388
11389
11390
11391
11392
11393
11394
11395
11396
11397
11398
11399
11400
11401
11402
11403
11404
11405
11406
11407
11408
11409
11410
11411
11412
11413
11414
11415
11416
11417
11418
11419
11420
11421
11422
11423
11424
11425
11426
11427
11428
11429
11430
11433
11434
11435
11436
11437
11438
11439
11440
11441
11442
11443
11444
11445
11446
11447
11448
11449
11450
11451
11452
11453
11454
11455
11456
11457
11458
11459
11460
11461
11462
11464
11465
11466
11467
11468
11469
11470
11471
11472
11473
11474
11475
11476
11477
11478
11479
11482
11483
11484
11485
11486
11487
11488
11489
11490
11492
11494
11496
11497
11498
11500
11501
11502
11503
11504
11505
11507
11509
11510
11511
11512
11513
11514
11515
11516
11517
11518
11519
11520
11521
11522
11523
11524
11525
11526
11527
11528
11529
11530
11531
11532
11533
11534
11535
11536
11537
11538
11539
11540
11541
11542
11543
11544
11545
11546
11547
11548
11549
11550
11551
11552
11553
11554
11555
11556
11557
11558
11559
11560
11561
11562
11563
11564
11565
11566
11567
11568
11569
11570
11572
11573
11574
11575
11577
11578
11579
11580
11581
11582
11583
11584
11585
11586
11587
11588
11589
11590
11591
11592
11593
11594
11595
11596
11597
11598
11599
11600
11601
11602
11603
11604
11606
11607
11608
11609
11610
11611
11612
11613
11614
11615
11616
11617
11618
11619
11620
11621
11622
11623
11624
11625
11626
11627
11628
11629
11630
11631
11632
11633
11634
11635
11636
11637
11638
11639
11640
11641
11642
11643
11644
11645
11646
11647
11648
11649
11650
11651
11652
11653
11654
11655
11656
11657
11658
11659
11661
11662
11663
11664
11665
11666
11667
11668
11669
11670
11671
11672
11673
11674
11675
11676
11677
11678
11679
11680
11681
11682
11683
11684
11685
11686
11687
11688
11689
11690
11692
11693
11694
11695
11696
11697
11698
11699
11700
11701
11702
11703
11704
11705
11706
11707
11708
11710
11711
11712
11713
11714
11715
11716
11717
11718
11719
11720
11721
11722
11723
11724
11725
11726
11727
11728
11729
11730
11731
11732
11733
11734
11735
11736
11737
11738
11739
11740
11741
11742
11743
117436
11744
11745
11746
11747
11748
11749
11750
11751
11752
11753
11754
11755
11756
11757
11758
11759
11760
11761
11762
11763
11764
11765
11766
11767
11769
11770
11771
11772
11773
11774
11775
11776
11777
11778
11779
11780
11781
11782
11783
11784
11785
11786
11787
11788
11789
11790
11791
11792
11793
11794
11795
11796
11797
11798
11799
11800
11801
11802
11803
11804
11805
11806
11808
11809
11810
11811
11812
11814
11815
11816
11817
11818
11819
11820
11821
11822
11823
11824
11825
11826
11827
11828
11829
11830
11831
11832
11833
11834
11835
11836
11837
11838
11839
11840
11841
11842
11843
11844
11846
11847
11848
11849
11850
11851
11852
11853
11854
11855
11856
11857
11858
11859
11860
11861
11862
11863
11864
11865
11866
11867
11868
11869
11870
11871
11872
11873
11874
11875
11876
11877
11878
11879
11880
11881
11882
11883
11884
11885
11886
11887
11888
11889
11890
11891
11892
11893
11894
11895
11898
11899
11900
11901
11902
11903
11906
11907
11908
11909
11912
11913
11915
11917
11918
11919
11920
11922
11925
11927
11929
11931
11932
11933
11934
11935
11936
11937
11938
11942
11943
11946
11947
11948
11949
11950
11953
11954
11955
11956
11957
11958
11959
11960
11961
11962
11963
11965
11966
11967
11968
11969
11971
11972
11973
11974
11976
11977
11978
11979
11980
11981
11983
11984
11985
11986
11987
11988
11989
11990
11991
11992
11993
11994
11995
11996
11997
11998
11999
12000
12001
12002
12003
12004
12005
12006
12007
12008
12009
12010
12011
12012
12013
12014
12015
12016
12017
12018
12019
12020
12021
12022
12023
12025
12026
12027
12028
12029
12030
12031
12032
12033
12034
12035
12036
12037
12038
12039
12040
12041
12042
12043
12044
12045
12046
12047
12048
12049
12050
12051
12052
12053
12054
12055
12056
12057
12058
12059
12060
12061
12062
12063
12064
12065
12066
12067
12068
12069
12070
12071
12072
12073
12074
12075
12076
12077
12078
12079
12080
12081
12082
12084
12085
12086
12087
12088
12089
12090
12091
12092
12093
12094
12095
12096
12097
12098
12099
12100
12101
12102
12103
12104
12105
12106
12107
12108
12109
12110
12111
12112
12113
12114
12115
12116
12117
12118
12119
12120
12121
12122
12123
12124
12125
12126
12127
12128
12129
12130
12131
12132
12133
12134
12135
12136
12137
12138
12139
12140
12141
12142
12143
12144
12145
12146
12147
12148
12149
12150
12151
12152
12153
12154
12155
12156
12158
12159
12160
12161
12162
12163
12164
12165
12166
12167
12168
12170
12171
12172
12173
12174
12175
12176
12177
12178
12179
12180
12181
12182
12183
12184
12185
12186
12187
12188
12189
12190
12191
12192
12193
12194
12195
12196
12197
12198
12199
12200
12201
12202
12203
12204
12205
12206
12207
12208
12209
12210
12211
12212
12213
12214
12215
12216
12217
12218
12219
12221
12222
12223
12224
12225
12226
12227
12228
12229
12230
12232
12233
12234
12235
12236
12237
12238
12239
12240
12241
12242
12243
12244
12245
12246
12247
12248
12249
12250
12251
12252
12253
12254
12255
12256
12257
12258
12259
12260
12261
12262
12263
12264
12265
12266
12267
12268
12269
12270
12271
12272
12273
12274
12275
12276
12277
12278
12279
12280
12281
12282
12283
12284
12285
12286
12287
12288
12289
12290
12291
12292
12293
12294
12295
12296
12297
12298
12299
12300
12301
12302
12303
12304
12305
12306
12307
12308
12309
12310
12311
12312
12313
12314
12315
12316
12317
12318
12319
12320
12321
12322
12323
12324
12325
12326
12327
12328
12329
12330
12331
12332
12333
12334
12335
12336
12337
12338
12339
12340
12341
12342
12343
12344
12345
12346
12347
12348
12349
12350
12351
12352
12354
12355
12356
12358
12359
12360
12361
12362
12363
12364
12365
12366
12370
12371
12372
12373
12374
12375
12376
12377
12378
12379
12380
12381
12382
12383
12384
12385
12386
12387
12388
12389
12390
12391
12392
12393
12395
12396
12397
12398
12399
12400
12401
12402
12403
12404
12406
12407
12408
12409
12410
12411
12412
12413
12414
12415
12417
12418
12419
12420
12421
12422
12423
12424
12425
12426
12427
12428
12429
12433
12434
12435
12436
12437
12438
12439
12440
12441
12442
12443
12444
12445
12446
12447
12448
12449
12450
12451
12452
12453
12454
12456
124917
139460
139461
139462
139463
139620
139627
139632
139709
139723
139724
139725
139726
139744
139856
139868
139870
140316
140320
140322
140324
140326
140332
140340
140370
140372
140386
140388
140390
140505
140507
140509
140511
140513
140515
140553
140555
140557
140559
140561
140563
140565
140567
140569
140571
140573
140719
140721
140723
140725
140737
140741
140793
140799
140801
140803
140807
140809
140811
140813
140815
140817
140819
140821
140823
140825
140827
140901
140903
140905
140907
140909
140911
14329
14330
143305
14331
14332
14333
14334
14335
14336
14337
14338
14339
14341
14343
14344
14345
14347
14348
14349
14351
14352
14353
14354
14355
14356
14357
14358
14359
14360
14361
14362
14363
14365
14366
14367
14368
14369
14370
14371
14372
14373
14374
14376
14377
14378
14379
14380
14381
14382
14383
14386
14387
14388
14389
14390
14391
14392
14393
14394
14395
14396
14397
14398
14399
14400
14401
14402
14403
14404
14405
14406
14407
14408
14409
14410
14411
14412
14413
14414
14415
14416
14417
14418
14419
14420
14421
14422
14423
14425
14426
14428
14429
14430
14431
14432
14433
14434
14435
14436
14437
14438
14439
14440
14441
14442
14443
14444
14445
14446
14447
14448
14449
14450
14451
14452
14453
14454
14455
14456
14457
14458
14459
14460
14461
14462
14463
14464
14465
14466
14467
14468
14469
14470
14471
14472
14473
14474
14475
14479
14480
14481
14484
14485
14486
14488
14490
14491
14492
14493
14494
14495
14496
14497
14498
14499
14500
14501
14502
14503
14504
14505
14506
14507
14508
14509
14510
14511
14512
14513
14514
14515
14516
14518
14519
14520
14521
14522
14523
14524
14525
14526
14527
14528
14529
14530
14531
14533
14534
14535
14536
14537
14538
14539
14540
14541
14542
14543
14544
14545
14546
14547
14548
14549
14550
14551
14552
14553
14554
14555
14556
14557
14558
14560
14562
14563
14564
14565
14566
14568
14570
14571
14572
14573
14574
14575
14576
14577
14578
14580
14581
14582
14583
14584
14585
14586
14587
14588
14589
14590
14591
14592
14593
14594
14595
14596
14597
14598
14599
14600
14601
14602
14603
14604
14605
14606
14608
14611
14612
14613
14615
14616
14617
14618
14619
14620
14621
146225
14623
14625
14626
14627
14628
14629
14630
14631
14632
14633
14634
14636
14637
14638
14639
14640
14641
14642
14643
14644
14645
14646
14647
14648
14649
14650
14651
14652
14653
14654
14655
14656
14657
14658
14659
14660
14661
14662
14663
14664
14665
14666
14667
14668
14669
14670
14671
14672
14673
14674
14675
14676
14678
14679
14680
14681
14683
14684
14685
14686
14687
14689
14690
14691
14692
14694
14695
14696
14697
14698
14699
14700
14701
14702
14703
14704
14705
14706
14707
14708
14709
14710
14711
14712
14713
14714
14715
14716
14717
14718
14719
14720
14721
14722
14723
14724
14725
14726
14727
14728
14729
14730
14731
14732
14733
14734
14735
14737
14738
14740
14741
14742
14743
14744
14745
14746
14747
14748
14749
14750
14751
14752
14753
14754
14755
14756
14757
14758
14760
14761
14762
14763
14764
14765
14766
14767
14768
14769
14770
14771
14772
14773
14774
14775
14776
14777
14778
14779
14780
14781
14782
14783
14784
14785
14786
14787
14788
14789
14790
14791
14792
14793
14794
14795
14796
14797
14798
14799
14800
14801
14802
14803
14804
14805
14806
14807
14808
14809
14810
14811
14812
14813
14814
14815
14816
14817
14818
14819
14820
14822
14823
14824
14825
14826
14827
14829
14830
14831
14832
14833
14834
14835
14836
14837
14838
14839
14840
14841
14842
14843
14844
14845
14846
14847
14848
14849
14850
14851
14852
14853
14854
14855
14856
14857
14858
14859
14860
14861
14862
14863
14864
14865
14866
14868
14869
14870
14871
14874
14875
14877
14878
14880
14881
14882
14883
14884
14887
14888
14889
14892
14893
14894
14895
14896
14897
14898
14899
157180
15816
15817
15818
15819
15820
15821
15822
15823
15824
15825
15826
15827
15828
15829
15830
15832
15833
15834
15836
15837
15839
15840
15841
15842
15843
15844
15845
15846
15847
15848
15849
15850
15851
15853
15854
15855
15856
15857
15859
15860
15861
15862
15863
15864
15865
15866
15867
15868
15869
15870
15871
15872
15873
15874
15876
15877
15878
15879
15880
15881
15882
15883
15884
15885
15886
15888
15889
15890
15891
15892
15893
15894
15895
15896
15897
15898
15899
15900
15903
15904
15906
15907
15908
15910
15911
15912
15913
15914
15915
15916
15917
15918
15919
15920
15922
15923
15924
15926
15927
15929
15930
15931
15932
15933
15935
15936
15937
15938
15939
15940
15941
15942
15943
15944
15945
15946
15947
15948
15949
15950
15951
15952
15953
15954
15955
15956
15957
15958
15959
15960
15961
15962
15963
15964
15966
15967
15968
15969
15970
15971
15972
15973
15975
15976
15978
15979
15980
15981
15982
15983
15984
15985
15986
15987
15988
15989
15990
15991
15992
15993
15995
15996
15997
15998
16000
16001
16002
16003
16004
16005
16006
16007
16008
16010
16011
16012
16013
16014
16015
16016
16017
16018
16019
16020
16021
16022
16023
16024
16025
16026
16027
16028
16029
16030
16031
16032
16033
16034
16035
16036
16037
16039
180806
181430
181432
183194
183200
183324
183706
183714
183716
183718
183720
183722
183762
184590
184592
184606
184608
184610
184634
184678
184716
190496
196395
196413
196449
196475
196477
196479
196567
196569
197251
197751
197957
198191
198193
198195
199013
199015
199017
199019
199487
199489
199499
199501
199683
199701
200281
200283
200285
200347
200669
201301
201303
201871
20328
20329
20330
20331
20332
20333
20334
20335
20336
20337
20338
20339
20340
20341
20342
20343
20344
20345
20346
20353
20354
20355
20356
20357
20358
20359
20370
20371
20372
20373
20374
20385
20386
20387
20395
20396
20397
20398
20399
20404
20405
20406
20407
20408
20409
20410
20411
20412
20413
20414
20415
20416
20417
20418
20419
20420
20421
20422
20428
20429
20430
20438
20439
20440
20441
20442
20443
20444
20445
20449
20450
20451
20452
20453
20454
20455
20456
20457
20458
20459
20462
20463
20464
20465
20466
20467
20468
20469
20470
20471
20472
20473
20474
20475
20476
20477
20478
20479
20484
20485
20486
20487
20488
20489
20490
20491
20492
20493
20494
20495
20496
20497
20520
20521
20522
20523
20524
21012
21013
21014
21015
21016
21017
21019
21020
21021
21023
21024
21025
21026
21027
21028
21029
21030
21031
21032
21033
21034
21036
21037
21038
21041
21042
21043
21044
21045
21046
21047
21048
21049
21050
21051
21052
21053
21054
21055
21056
21057
21058
21059
21060
21061
21062
21063
21064
21065
21066
21067
21069
21070
21071
21072
21073
21074
21075
21076
21077
21079
21080
21081
21082
21083
21084
21085
21086
21087
21088
21090
21091
21092
21093
21094
21095
21096
21097
21098
21099
21100
21101
21102
21103
21104
21105
21106
21107
21108
21109
21110
21111
21112
21113
21114
21115
21116
21117
21118
21119
21120
21121
21122
21123
21124
21125
21126
21127
21129
21130
21131
21132
21133
21134
21135
21136
21137
21138
21139
21140
21141
21142
21143
21144
21145
21146
21147
21148
21149
21150
21151
21152
21153
21154
21155
21156
21157
21158
21159
21160
21161
21162
21163
21164
21165
21166
21167
21168
21169
21170
21171
21172
21173
21174
21175
21176
21177
21178
21179
21180
21181
21182
21183
21184
21185
21186
21187
21188
21189
21190
21191
21192
21193
21194
21195
21196
21197
21198
21199
21200
21201
21202
21203
21204
21205
21206
21207
21208
21209
21210
21211
21212
21213
21214
21215
21216
21217
21218
21219
21220
21221
21222
21223
21224
21225
21226
21227
21228
21229
21231
21232
21233
21234
21235
21236
21237
21238
21239
21240
21241
21242
21243
21244
21245
21246
21247
21248
21249
21250
21251
21252
21253
21254
21255
21256
21257
21258
21259
21260
21261
21262
21263
21264
21265
21266
21267
21268
21269
21270
21271
21272
21273
21274
21275
21276
21277
21278
21279
21280
21281
21282
21283
21284
21285
21286
21287
21288
21289
21290
21291
21292
21293
21294
21295
21296
21297
21298
21299
21300
21301
21302
21303
21304
21305
21306
21307
21308
21309
21310
21311
21312
21313
21314
21315
21316
21317
21318
21319
21320
21321
21322
21323
21324
21325
21326
21327
21328
21329
21330
21331
21332
21333
21334
21335
21336
21337
21338
21339
21340
21341
21342
21343
21344
21345
21346
21347
21348
21349
21350
21351
21352
21353
21354
21355
21356
21357
21358
21359
21360
21361
21362
21363
21364
21365
21366
21367
21368
21369
21370
21371
21372
21373
21374
21375
21376
21377
21378
21379
21380
21381
21382
21383
21384
21385
21386
21387
21388
21389
21390
21391
21392
21393
21394
21395
21396
21397
21398
21399
21400
21401
21402
21403
21404
21405
21406
21407
21408
21409
21410
21411
21412
21413
21414
21415
21416
21417
21418
21419
21420
21421
21422
21423
21425
21426
21427
21428
21429
21430
21431
21432
21433
21434
21435
21436
21437
21438
21439
21440
21441
21442
21443
21444
21446
21447
21448
21449
21450
21451
21452
21453
21454
21455
21456
21457
21458
21459
21460
21461
21462
21463
21464
21465
21466
21467
21468
21469
21470
21471
21472
21473
21474
21475
21476
21477
21478
21479
21480
21481
21482
21483
21484
21485
21486
21487
21488
21489
21490
21491
21492
21493
21494
21495
21496
21497
21498
21499
21500
21501
21502
21503
21504
21505
21506
21507
21508
21509
21510
21511
21512
21513
21514
21515
21516
21517
21518
21519
21520
21521
21522
21523
21524
21525
21526
21527
21528
21529
21530
21531
21532
21534
21536
21537
21538
21539
21540
21541
21542
21543
21544
21545
21546
21547
21548
21549
21550
21551
21552
21553
21554
21555
21556
21557
21558
21559
21560
21561
21562
21563
21564
21565
21566
21567
21568
21569
21570
21571
21572
21573
21574
21575
21576
21577
21578
21579
21580
21581
21582
21583
21584
21585
21586
21587
21588
21589
21590
21591
21592
21593
21594
21595
21596
21597
21598
21599
21600
21601
21602
21603
21604
21605
21606
220988
23103
25014
25015
25016
25017
25018
25020
25023
25024
25028
25032
25033
25034
25035
25036
25038
25039
25041
25042
25043
25045
25046
25047
25049
25050
25051
25052
25053
25054
25055
25056
25057
25058
25059
25062
25063
25065
25066
25067
25068
25069
25070
25071
25074
25075
25076
25077
25078
25079
25080
25081
25082
25083
25084
25085
25086
25087
25088
25090
25091
25092
25093
25095
25096
25097
25098
25099
25100
25101
25102
25103
25104
25105
25106
25108
25109
25110
25111
25112
25113
25114
25115
25116
25117
25118
25119
25120
25121
25122
25123
25124
25125
25126
25127
25128
25129
25130
25131
25132
25133
25134
25135
25136
25137
25139
25140
25141
25142
25143
25144
25145
25146
25147
25148
25149
25150
25151
25152
25153
25154
25155
25156
25157
25158
25159
25160
25161
25162
25163
25164
25165
25167
25169
25170
25171
25172
25173
25174
25175
25176
25177
25178
25179
25180
25181
25182
25183
25185
25186
25187
25188
25189
25190
262469
27751
27755
27756
30701
30702
30703
30704
30705
30706
30707
30708
30709
30710
30711
30712
30713
30714
30715
30716
30717
30718
30719
30720
30721
30722
30723
30724
30733
30734
30735
30736
30737
30738
30739
30740
30741
30742
30743
30744
30745
30746
30747
30748
30749
30750
30751
30752
30753
30754
30755
30756
30757
30758
30759
30760
30761
30762
30763
30764
30765
30766
30767
30768
30771
30772
30773
30774
30778
30779
30780
30781
30782
30783
30784
30785
30786
30788
30789
30790
30791
30792
30793
30794
30795
30796
30797
30798
30799
30800
30801
30802
30804
30805
30806
30807
30808
30809
30810
30811
30812
30813
30814
30815
30816
30817
30818
30819
30820
30821
30822
30823
30824
30825
30826
30827
30833
30834
30835
30836
30837
30838
30839
30849
30850
30851
30852
30853
30854
30855
30856
30857
30858
30862
30863
30864
30865
30866
30867
30868
30869
30870
30875
30876
30877
30878
30879
30880
30881
30882
30883
30884
30885
30886
30887
30888
30889
30890
30891
30892
30893
30894
30895
30896
30897
30898
30908
30909
30910
30911
30912
30914
31370
31371
31372
31373
31374
31375
31376
31377
31378
31379
31380
31381
31382
31383
31384
31385
31386
31387
31388
31389
31390
31391
31392
31393
31394
31395
31396
31397
31398
31399
31400
31401
31402
31403
31404
31405
31406
31407
31408
31409
31410
31411
31412
31417
31418
31419
31421
31422
31423
31424
31425
31426
31427
31428
31429
31430
31431
31432
31436
31437
31438
31439
31440
31441
31442
31443
31444
31449
31450
31451
31452
31453
31454
31456
31457
31458
31459
31460
31461
31462
31463
31464
31465
31466
31467
31468
31469
31470
31471
31472
31473
31482
31483
31484
31485
31493
31494
31495
31496
31497
31498
31509
31510
31511
31512
31513
31514
31516
31517
31518
31519
31520
31521
31522
31523
31524
31525
31526
31527
31528
31536
31537
31538
31540
31541
31546
31547
31549
31550
31553
31554
31555
31556
31560
31561
31562
31563
31564
31565
31566
31573
31574
31575
31576
31577
31578
31579
31592
31593
31594
31595
31596
31597
31598
31599
31600
31601
31602
31603
31604
31605
31606
31607
31611
31612
31613
31614
31615
31616
31617
31618
31619
31620
31621
31622
31623
31624
31625
31626
31627
31628
31629
31630
31631
31633
31634
31635
31636
31637
31638
31639
31640
31641
31642
31643
31644
31645
31646
31647
31648
31649
31650
31651
31652
31711
31712
31713
31714
35092
35093
35095
35096
35097
35098
35099
35100
35101
35102
35103
35104
35105
35106
35107
35108
35109
35110
35111
35112
35113
35114
35115
35116
35117
35118
35119
35120
35121
35122
35123
35124
35125
35126
35127
35128
35129
35130
35131
35132
35133
35135
35136
35137
35138
35139
35140
35141
35142
35143
35144
35145
35146
35147
35148
35149
35150
35151
35152
35153
35154
35155
35156
35157
35158
35159
35160
35161
35162
35163
35164
35165
35166
35167
35168
35169
35170
35171
35172
35173
35174
35175
35176
35177
35178
35179
35180
35181
35182
35183
35184
35185
35186
35188
35189
35190
35191
35192
35193
35194
35195
35196
35197
35198
35199
35200
35201
35202
35203
35204
35205
35206
35207
35208
35209
35212
35213
35214
35215
35217
35218
35219
35220
35221
35222
35223
35224
35225
35226
35227
35229
35230
35231
35232
35233
35234
35235
35236
35237
35239
35241
35242
35243
35244
35245
35247
35248
35249
35250
35251
35252
35256
35257
35260
35261
35264
35265
35267
35467
35470
35471
35472
35473
35474
35475
35476
35478
35480
35482
35483
35484
35485
35486
35487
35488
35489
35490
35491
35492
35494
35495
35496
35497
35498
35500
35501
35502
35503
35504
35505
35506
35507
35508
35509
35510
35511
35512
35513
35514
35515
35516
35517
35518
35519
35520
35521
35522
35523
35524
35525
35526
35527
35528
35529
35530
35531
35532
35533
35534
35535
35536
35538
35539
35540
35541
35542
35543
35544
35545
35546
35547
35548
35549
35550
35551
35553
35554
35555
35556
35557
35558
35559
35560
35561
35562
35563
35564
35565
35566
35567
35568
35569
35570
35571
35572
35573
35574
35575
35576
35577
35578
35579
35580
35581
35582
35583
35584
35585
35586
35587
35588
35589
35590
35591
35592
35594
35596
35597
35598
35599
35600
35601
35602
35603
35604
35605
35606
35607
35608
35609
35610
35611
35613
35614
35615
35616
35617
35618
35619
35620
35621
35622
35623
35624
35625
35626
35627
35628
35629
35630
35632
35633
35634
35635
35636
35637
35638
35639
35640
35641
35642
35643
35644
35645
35646
35647
35648
35649
35650
35651
35652
35653
35654
35656
35657
35658
35659
35660
35661
35662
35663
35664
35665
35666
35667
35668
35669
35670
35671
35672
35674
35675
35676
35677
35678
35679
35680
35681
35682
35683
35684
35685
35686
35687
35688
35689
35690
35691
35692
35693
35694
35695
35696
35697
35698
35699
35700
35702
35703
35704
35705
35706
35707
35708
35709
35710
35711
35712
35713
35714
35715
35716
35717
35718
35719
35720
35721
35722
35723
35724
35725
35726
35727
35728
35729
35730
35731
35732
35733
35734
35735
35736
35737
35738
35739
35742
35744
35746
35747
36677
36678
36679
36680
36682
36683
36684
36685
36686
36687
36688
36690
36691
36692
36693
36694
36696
36698
36699
36700
36703
36704
36705
36707
36708
36709
36710
36711
36713
36715
36717
36718
36721
36722
36723
36724
36725
36726
36727
36728
36729
36732
36733
37157
37158
37159
37160
37161
37162
37163
37165
37166
37167
37168
37169
37170
37171
37172
37173
37174
37175
37176
37177
37178
37179
37181
37182
37183
37184
37185
37186
37187
37188
37189
37190
37191
37192
37193
37194
37196
37197
37198
37199
37200
37201
37202
37203
37204
37205
37206
37207
37208
37209
37210
37212
37213
37215
37216
37219
37220
37221
37222
37223
37225
37226
37227
37228
37229
37230
37231
37232
37233
37235
37236
37237
37238
37239
37241
37242
37243
37244
37245
37246
37248
37249
37250
37251
37252
37253
37254
37255
37256
37257
37258
37259
37260
37261
37262
37263
37264
37265
37266
37267
37268
37269
37270
37271
37272
37273
37274
37275
37276
37277
37278
37279
37280
37281
37282
37283
37284
37285
37286
37287
37288
37289
37290
37291
37292
37293
37294
37295
37296
37297
37298
37299
37300
37301
37302
37303
37304
37305
37306
37307
37309
37310
37311
37313
37314
37315
37316
37317
37318
37319
37321
37322
37323
37325
37327
37329
37664
37665
37666
37682
37777
37778
37783
37790
37794
37823
37852
37854
37911
37913
37915
37924
37929
387597
407130
408492
411
412
413
414
415
416
417
418
419
420
421
422
423
424
425
426
427
428
429
429787
430
431
432
433
434
435
435453
436
437
438
439
440
441
442
443
443978
450
451
452
453
454
455
462
463
464
465
466
467
468
469
46944
470
471
472
473
474
475
476
477
478
479
481473
488999
489
48944
48965
48982
490
49018
49020
491
49112
49116
49134
49136
49138
49140
49142
49144
49146
49148
49150
49152
49154
49156
49158
49160
49166
49168
49169
49170
49172
49173
49174
492
49259
49261
49263
49267
49275
49279
49283
49287
49299
493
49313
49321
49323
49337
49339
49341
49344
49346
49348
49350
49352
49354
49356
49357
49359
49361
49366
49374
49378
49386
494
49400
49402
49404
49406
49414
49416
49418
49420
49452
49456
49458
49460
49464
49466
49498
495
49500
49509
49511
49514
49515
49517
49538
49539
49541
49554
49559
49579
496
49662
49695
497
49701
49713
498
499
500
501
502
503
504
505
506
507
508
509
510
511
512
513
51395
51396
51397
51398
51399
514
51400
51401
51402
51403
51404
51405
51406
51407
51408
51409
51410
51411
51412
51413
51414
51415
51416
51417
51418
51419
51420
51421
51422
51423
51424
51425
51426
51427
51428
51429
51430
51431
51432
51433
51434
51435
51436
51437
51438
51439
51440
51441
51442
51443
51444
51445
51446
51447
51448
51449
51450
51451
51452
51453
51458
51459
51460
51461
51462
51463
51464
51465
51471
51472
51473
51474
51475
51476
51479
51480
51481
51482
51483
51484
51485
51486
51487
51488
51489
51490
51491
51492
51493
51494
51495
51496
51497
515
51515
51516
51517
51518
51519
51520
51521
51522
51523
51524
51525
51533
51534
51535
51536
51537
51538
51543
51544
51555
51556
51557
51562
51563
51564
51565
51566
51567
51578
51579
51580
51581
51582
51583
51587
51588
51589
51590
51591
51592
51593
51594
51595
51596
51597
51598
51599
516
51600
51601
51602
51603
51604
51605
51606
51607
51614
51615
51616
51617
51618
51619
51631
51632
51633
51634
51635
51636
51656
51657
51658
51659
51660
51661
51662
51668
51669
51670
51671
51672
51673
51674
51675
51676
51677
51678
51679
51680
51681
51682
51685
51686
51687
51688
51689
51692
51693
51694
51695
51696
51697
51698
51699
517
51700
51701
51703
517177
518
519
520
521
522
523
524
525
526
527
528
529
529248
530
531
532
533
533497
534
535
536
537
537944
538
539
540
541
542
543
544
544726
545
546
547
548
549
550
551
552
553
554
555
556
557
558
559
560
561
562
563
564
565
566
567
568
569
570
571
572
573
574
574699
575
576
577
578
579
580
581
582
583
584
585
586
587
588
589
590
591
592
593
594
595
596
597
598
599
600
601
602
603
604
60411
60412
60415
60416
60419
60420
60422
60423
60424
60425
60426
60427
60429
60430
60433
60434
60435
60437
60438
60439
60440
60441
60442
60443
60444
60445
60449
60450
60451
60452
60453
60454
60455
60456
60457
60460
60461
60462
60463
60464
60465
60466
60467
60468
60469
60472
60473
60476
60477
60478
60479
60482
60483
60484
60485
60486
60487
60488
605
60503
60504
60505
60506
60507
60508
60509
60510
60511
60512
60513
60516
60517
60518
60519
60520
60521
60522
60523
60524
60540
60541
60542
60547
60548
60549
60550
60551
60552
60553
60554
60555
60556
60574
60577
60578
60581
60584
60586
60589
60590
60592
606
60602
60603
60604
60605
607
608
609
610
611
612
613
614
615
616
617
618
618090
619
620
621
622
623
624
625
626
627
628
629
630
630095
631
632
633
634
635
636
637
638
640
641
642
643
644
645
646
647
649
650
651
652
653
654
655
656
657
658
659
660
661
662
663
664
665
667
668
669
670
671
672
675
676
677
679
680
681
682
684
686
687
688
689
690
691
692
692087
693
694
695
696
697
697763
698
699
700
701
701987
702
703
704
705
706
707
709
710
711
712
714
715
716
717
718
719
721
722
723
723957
724
725
726
727
728
729
730
731
732
734
735
736
737
738
739
741
742
743
744
745
746
747
748
749
750
751
752
753
754
755
756
757
758
758524
759
760
761
762
763
763177
764
765
766
767
768
769
770
770149
771
772
773
774
775
776
777
778
779
780
781
782
783
784
785
787
788
789
790
792
793
794
795
796
797
798
799
800
801
802
803
805
806
807
808
809
810
811
812
813
814
816
817
818
819
821
822
823
824
825
827
828
829
830
831
832
832832
833
834
835
836
837
838
839
840
841
842
842443
843
844
845
846
847
848
849
850
851
852
853
854
855
856
858
859
860
861
862
863
864
864009
865
866
867
868
869
870
871
872
872606
873
873513
874
875
876
877
878
879
880
881
882
883
884
885
886
887
888
889
890
891
892
893
894
895
896
897
898
899
900
900415
9006
9007
9008
9009
901
9010
9011
9012
9013
9014
9015
9016
90162
90163
90164
90165
90166
90167
90168
90169
90170
90171
90172
90173
90174
90175
90176
90177
90178
90179
9018
90180
90181
90182
90183
90184
90185
90186
90187
90188
90189
9019
90190
90191
90192
90193
90194
90195
90196
90197
90198
90199
902
9020
90200
90201
90202
90203
90204
90205
90206
90207
90208
90209
9021
90210
90211
90212
90213
90214
90215
90217
90218
90219
9022
90220
90222
90223
90224
9023
9024
90247
90248
90249
9025
90250
90251
90252
90253
90254
90255
90256
90257
90258
90259
9026
90260
90261
90262
90263
90264
90265
90266
90267
90268
90269
9027
90270
90271
90272
90273
90274
90275
90276
90277
90278
90279
9028
90280
90281
90282
90283
90284
90285
90286
90287
90288
90289
9029
90290
90291
90292
90293
90294
90295
90296
90297
90298
90299
903
9030
90300
90301
90302
90303
90304
90305
9031
9032
9033
9034
9035
9036
9037
9038
9039
904
9040
9041
9042
9043
9044
90453
90454
90455
90456
90457
90458
90459
9046
90460
90461
90462
90463
90464
90465
90466
90467
90468
90469
9047
90470
90471
90472
90473
90474
90475
90476
90477
90478
90479
9048
90480
90481
90482
90483
90484
90485
90486
90487
90488
90489
9049
90490
90491
90493
90494
90495
90496
90497
90498
90499
905
9050
90500
90501
90502
90503
90504
90505
9051
90510
90511
90512
90513
90514
90515
90516
90517
90518
90519
9052
90520
90521
90522
90523
90524
90525
90526
90527
90528
90529
9053
90531
90532
90533
90534
90535
90536
90537
90538
90539
9054
90540
90541
90542
90543
90544
90545
90546
90547
90548
90549
9055
90550
90551
90552
90553
90554
90555
90556
90557
90558
90559
9056
90560
90561
90562
90563
9057
9058
9059
906
9060
9061
9062
9063
9064
9065
9066
9067
9068
9069
907
9070
9071
9072
9073
9074
9075
9076
9077
9078
9079
90799
908
9080
90800
90801
90802
90803
90804
90805
90806
90807
90808
90809
9081
90810
90811
90812
90813
90814
90815
90816
90817
90818
90819
9082
90820
90821
90822
90823
90824
90825
90826
90827
90828
9083
90831
90832
90833
90834
90835
90836
90837
90838
90839
9084
90840
90841
90842
90843
90844
90845
9085
9086
9087
9088
9089
909
9090
9091
9092
9093
9095
9096
9097
9098
9099
910
9100
9101
9102
91028
91029
9103
91030
91031
91032
91033
91034
91035
91036
91037
91038
91039
9104
91040
91041
91042
91043
91044
91045
91046
91047
91048
91049
9105
91050
91051
91052
91053
91054
91055
91056
91057
91058
91059
9106
91060
91061
91062
91063
91064
91065
91069
9107
91070
91071
91072
91073
91074
91075
91076
91077
91078
91079
9108
91080
91081
91082
91083
91084
91085
91086
91087
91088
91089
9109
91090
91091
91093
91094
91095
91096
91097
91098
91099
911
9110
91100
91101
91102
91103
91104
91105
91106
91107
91108
91109
9111
91110
91111
91112
91113
91114
91115
91116
91117
91118
91119
9112
91120
91121
91122
91123
91124
91125
91126
91127
91128
91129
9113
91130
91131
91132
91133
91134
91135
91136
91137
91138
9114
91140
91141
91144
91145
91146
91147
91148
91149
9115
91150
91151
91152
9116
9117
9118
9119
912
9120
9121
9122
9123
9124
9125
9126
9127
9128
9129
913
9130
9131
9132
9133
9134
9135
9136
9137
9138
9139
9140
9141
9142
9143
9144
9145
9146
9147
9148
9149
915
9150
9151
9152
9153
9154
9155
9156
9157
9158
9159
916
9160
9161
9162
9163
9164
9165
9166
9167
9168
916890
9169
917
9170
9171
9172
9173
9174
9175
9176
9177
9178
9179
918
9180
9181
9182
9183
9184
9185
9186
9187
9188
9189
919
9190
9191
9192
9193
9194
9195
9196
9197
9198
9199
920
9200
9201
9202
9203
9204
9205
9206
9208
9209
921
9210
9211
9212
9213
9214
9215
9216
9217
9218
9219
922
9220
9221
9222
9223
9224
9225
9226
9227
9228
9229
923
9230
9231
9232
9233
9234
9235
9236
9237
9238
9239
924
9240
9241
9242
9243
9244
9245
9246
9247
9248
9249
925
9250
9251
9252
9253
9254
9255
9256
9257
9258
9259
926
9260
9261
9262
9263
9264
9265
9266
9267
9268
9269
927
9270
9271
9272
9273
9274
9275
9276
9277
9278
9279
928
9280
9281
9282
9283
9284
9285
9286
9287
9288
929
9290
9291
9292
9293
9294
9295
9296
9297
9298
9299
929901
930
9300
9301
9302
9303
9305
9307
9308
9309
9310
9312
9313
9314
9315
9316
9317
9318
9319
932
9320
9321
9322
9323
9324
9325
9326
9327
9328
9329
933
9330
9331
9332
9333
9335
9336
9337
9338
9339
934
9340
9341
9342
9343
9344
9346
9347
9349
935
9350
9351
9352
9353
9354
9355
9356
9357
9358
936
9360
9361
9362
9363
9364
9365
9366
9367
9368
9369
937
9370
9371
9373
9374
9375
9376
9377
9378
9379
938
9380
9381
9382
9383
9384
9385
9386
9387
9388
9389
939
9390
9391
9392
9393
9394
9395
9396
9397
9398
9399
940
9400
9401
9402
9403
9404
9405
9406
9407
9408
940874
9409
941
9410
9411
9412
9413
9414
9415
9416
9417
9418
9419
942
9420
9421
9422
9423
9424
9425
9426
9427
9428
9429
943
9430
9431
9432
9433
9434
9435
9436
9438
9439
944
9440
9441
9442
9443
9444
9445
9446
9447
9448
9449
9450
9451
9452
9453
9454
9455
9456
9457
9458
9459
946
9460
9461
9462
9463
9464
9465
9466
9467
9468
9469
947
9470
9471
9472
9473
9474
9475
9476
9477
9478
9479
948
9480
9481
9482
9483
9484
9485
9486
9487
9488
9489
949
9490
9491
9492
9493
9494
9495
9497
9498
9499
950
9500
9501
9502
9503
9504
9505
9506
9507
9508
9509
951
9511
9512
9513
9514
9515
9516
9517
9518
9519
952
9520
9521
9522
9523
9524
9525
9526
9527
9528
9529
953
9530
9531
9532
9533
9534
9535
9536
9537
9538
9539
954
9540
9541
9542
9543
9544
9545
9546
9547
9548
9549
955
9550
9551
9552
9553
9554
9555
9556
9557
9558
9559
956
9560
9561
9562
9563
9564
9566
9568
9569
9570
9571
9572
9574
9576
9577
9578
9579
958
9580
9581
9582
9583
9584
9585
9586
9587
9588
959
9590
9591
9592
9593
9594
9595
9596
9597
9598
9599
960
9600
9601
9602
9603
9604
9605
9606
9607
9608
9609
961
9610
9611
9612
9613
961326
9614
9615
9616
9617
9618
9619
962
9620
9621
9622
9623
9624
9625
9626
9627
9628
9629
963
9630
9631
9632
9633
9634
9635
9636
9637
9638
9639
964
9640
9641
9642
9643
9644
9646
9647
9648
9649
965
9650
9651
9652
9653
9654
9655
9656
9657
9658
9659
966
9660
9661
9662
9663
9664
9665
9666
9667
9668
9669
967
9670
9672
9673
9674
9675
9676
9677
9678
968
9680
9681
9682
9683
9684
9685
9686
9687
9688
9689
969
9690
9691
9692
9693
9694
9695
9696
9697
9698
969840
9699
970
9700
9701
9702
9703
9704
9705
9706
9707
9708
9709
971
9710
9711
9712
9713
9714
9715
9716
9717
9718
9719
9720
9721
9722
9723
9724
9725
9726
9727
9728
9729
9730
9731
9732
9733
9734
9735
9736
9737
9738
9739
9740
9741
9742
9743
9744
9745
9746
9747
9748
9749
9750
9751
9753
9754
9755
9756
9757
9758
9759
9760
9761
9762
9763
9764
9765
9766
9767
9768
9769
9770
9771
98493
98880
98911
98912
98919
989343
99010
99036
99280
99283
99289
99337
99354
99355
99356
99362
99363
99372
99378
99379
99410
99413
99457
99458
99459
99468
99484
99486
99487
99503
99505
99506
99507
99525
99640
99659
99698
99704
99722
99724
99763
99766
99768
99772
99773
99774
99776
99815
99833
998526
99856
99950
